01:00:03-01:06:29,10,20,10,40,35,40
01:02:32-01:11:53,5,20,5,35
01:04:07-01:07:34,20,15,20,35
01:06:35-01:14:39,30,35,45,35
01:08:31-01:15:35,25,30,30,30,30,20,40,20,40,10
01:10:30-01:14:07,35,30,35,25,45,25
02:00:02-02:01:09,25,45,45,45,45,40
02:02:16-02:03:48,10,20,10,40,35,40
02:04:22-02:09:37,5,20,5,35
02:06:24-02:15:53,20,15,20,35
02:08:46-02:12:39,30,35,45,35
02:10:15-02:14:54,35,30,35,25,45,25
03:00:12-03:06:56,20,10,35,10
03:02:01-03:04:00,10,20,10,40,35,40
03:03:43-03:13:03,15,10,15,35
03:05:36-03:14:33,30,35,45,35
03:07:17-03:08:57,35,30,35,25,45,25
03:08:42-03:09:56,20,10,35,10
03:10:50-03:18:57,10,20,10,40,35,40
04:00:42-04:02:44,5,20,5,35
04:02:50-04:04:06,15,10,15,35
04:04:09-04:10:51,30,35,45,35
04:06:09-04:10:51,25,30,30,30,30,20,40,20,40,10
04:08:26-04:13:42,35,30,35,25,45,25
04:10:31-04:17:06,20,10,35,10
05:00:00-05:07:56,25,45,45,45,45,40
05:01:39-05:03:03,10,20,10,40,35,40
05:03:28-05:08:11,15,10,15,35
05:04:55-05:05:43,30,35,45,35
05:06:01-05:08:04,35,30,35,25,45,25
05:07:30-05:16:28,25,45,45,45,45,40
05:09:44-05:15:10,10,20,10,40,35,40
05:11:08-05:11:48,5,20,5,35
06:00:14-06:03:36,20,15,20,35
06:01:35-06:03:33,30,35,45,35
06:03:33-06:04:15,35,30,35,25,45,25
06:04:37-06:07:34,25,45,45,45,45,40
06:06:25-06:15:09,10,20,10,40,35,40
06:08:05-06:17:30,5,20,5,35
06:09:12-06:14:14,20,15,20,35
06:10:42-06:13:58,25,30,30,30,30,20,40,20,40,10
07:00:44-07:09:32,35,30,35,25,45,25
07:02:04-07:06:17,20,10,35,10
07:03:35-07:07:49,25,45,45,45,45,40
07:05:52-07:15:12,10,20,10,40,35,40
07:07:27-07:16:24,15,10,15,35
07:08:58-07:13:38,30,35,45,35
07:10:14-07:18:50,25,30,30,30,30,20,40,20,40,10
08:00:39-08:06:28,20,10,35,10
08:01:32-08:11:05,10,20,10,40,35,40
08:03:07-08:08:38,15,10,15,35
08:05:03-08:09:05,30,35,45,35
08:06:18-08:12:39,35,30,35,25,45,25
08:07:38-08:13:49,25,45,45,45,45,40
08:09:23-08:11:30,5,20,5,35
08:10:50-08:12:15,15,10,15,35
09:00:19-09:08:51,20,15,20,35
09:02:38-09:10:50,30,35,45,35
09:05:02-09:08:12,25,30,30,30,30,20,40,20,40,10
09:07:12-09:07:16,35,30,35,25,45,25
09:09:43-09:17:38,25,45,45,45,45,40
10:00:34-10:04:20,10,20,10,40,35,40
10:01:27-10:06:47,15,10,15,35
10:03:00-10:10:24,20,15,20,35
10:04:37-10:12:26,25,30,30,30,30,20,40,20,40,10
10:05:37-10:10:33,35,30,35,25,45,25
10:06:40-10:09:09,25,45,45,45,45,40
10:08:12-10:13:46,5,20,5,35
10:09:26-10:15:06,20,15,20,35
10:10:40-10:15:50,30,35,45,35
11:00:24-11:08:34,25,30,30,30,30,20,40,20,40,10
11:01:41-11:03:30,35,30,35,25,45,25
11:02:40-11:02:47,25,45,45,45,45,40
11:04:07-11:09:43,10,20,10,40,35,40
11:05:49-11:09:42,15,10,15,35
11:07:06-11:11:14,20,15,20,35
11:08:30-11:17:26,25,30,30,30,30,20,40,20,40,10
11:09:56-11:10:31,35,30,35,25,45,25
11:10:48-11:17:38,25,45,45,45,45,40
12:00:14-12:00:55,10,20,10,40,35,40
12:03:27-12:03:38,15,10,15,35
12:05:49-12:10:26,30,35,45,35
12:08:00-12:10:46,35,30,35,25,45,25
12:09:46-12:11:38,20,10,35,10
13:00:11-13:02:04,10,20,10,40,35,40
13:03:35-13:07:06,5,20,5,35
13:05:59-13:13:03,15,10,15,35
13:07:43-13:16:03,20,15,20,35
13:09:47-13:12:27,30,35,45,35
14:00:19-14:01:56,25,30,30,30,30,20,40,20,40,10
14:01:21-14:07:31,35,30,35,25,45,25
14:03:12-14:06:56,20,10,35,10
14:04:30-14:09:18,10,20,10,40,35,40
14:05:54-14:10:24,15,10,15,35
14:07:09-14:14:29,20,15,20,35
14:08:32-14:12:47,25,30,30,30,30,20,40,20,40,10
14:09:56-14:12:56,35,30,35,25,45,25
14:10:56-14:13:42,20,10,35,10
15:00:14-15:01:17,10,20,10,40,35,40
15:01:50-15:09:48,5,20,5,35
15:03:04-15:10:22,20,15,20,35
15:04:28-15:12:03,30,35,45,35
15:05:56-15:06:26,35,30,35,25,45,25
15:07:17-15:16:11,25,45,45,45,45,40
15:08:20-15:12:12,10,20,10,40,35,40
15:09:48-15:11:49,15,10,15,35
15:11:16-15:20:08,20,15,20,35
16:00:20-16:05:57,30,35,45,35
16:02:16-16:03:44,35,30,35,25,45,25
16:03:47-16:12:34,25,45,45,45,45,40
16:05:36-16:12:35,10,20,10,40,35,40
16:07:38-16:11:20,5,20,5,35
16:09:06-16:17:36,20,15,20,35
16:10:38-16:12:31,30,35,45,35
17:00:45-17:02:37,25,30,30,30,30,20,40,20,40,10
17:03:07-17:06:07,20,10,35,10
17:05:24-17:05:29,10,20,10,40,35,40
17:07:49-17:11:05,15,10,15,35
17:10:09-17:12:37,30,35,45,35
18:00:38-18:09:34,35,30,35,25,45,25
18:02:51-18:11:34,25,45,45,45,45,40
18:04:33-18:07:22,10,20,10,40,35,40
18:06:11-18:11:59,15,10,15,35
18:08:54-18:09:32,20,15,20,35
18:10:44-18:18:46,25,30,30,30,30,20,40,20,40,10
19:00:48-19:07:42,20,10,35,10
19:02:35-19:10:20,10,20,10,40,35,40
19:04:43-19:10:35,5,20,5,35
19:06:53-19:10:59,20,15,20,35
19:08:41-19:11:54,30,35,45,35
19:10:12-19:11:52,25,30,30,30,30,20,40,20,40,10
20:00:06-20:04:41,20,10,35,10
20:01:44-20:02:23,10,20,10,40,35,40
20:03:11-20:08:36,5,20,5,35
20:04:54-20:10:39,15,10,15,35
20:06:22-20:07:16,30,35,45,35
20:07:54-20:08:16,35,30,35,25,45,25
20:09:22-20:13:39,20,10,35,10
20:11:13-20:15:55,25,45,45,45,45,40
21:00:10-21:01:21,10,20,10,40,35,40
21:01:28-21:03:04,15,10,15,35
21:03:04-21:06:09,30,35,45,35
21:04:33-21:05:31,35,30,35,25,45,25
21:05:43-21:13:05,25,45,45,45,45,40
21:06:52-21:07:52,5,20,5,35
21:08:24-21:14:18,20,15,20,35
21:09:35-21:13:07,30,35,45,35
21:10:55-21:17:57,35,30,35,25,45,25
22:00:11-22:06:18,20,10,35,10
22:02:22-22:08:34,25,45,45,45,45,40
22:03:57-22:11:04,5,20,5,35
22:05:40-22:11:43,15,10,15,35
22:06:50-22:09:27,20,15,20,35
22:08:57-22:13:13,30,35,45,35
22:10:17-22:17:45,25,30,30,30,30,20,40,20,40,10
23:00:11-23:08:42,35,30,35,25,45,25
23:02:49-23:04:22,20,10,35,10
23:05:39-23:13:51,25,45,45,45,45,40
23:07:43-23:10:44,10,20,10,40,35,40
23:10:02-23:19:10,15,10,15,35
